{
	"particleDensity": 200,
	"particleStormDensity": 600,
	"particleRadius": 20,
	"rainDropGravity": 1.0,
	"snowFlakeGravity": 0.10000000149011612,
	"snowRotationAmount": 0.10000000149011612,
	"snowWindDampening": 3.0,
	"desertDustGravity": 0.20000000298023224,
	"doRainParticles": true,
	"doSnowParticles": true,
	"doSandParticles": true,
	"renderVanillaWeather": false,
	"color": {
		"rainRed": 0.30000001192092896,
		"rainGreen": 0.30000001192092896,
		"rainBlue": 0.800000011920929,
		"snowRed": 1.0,
		"snowGreen": 1.0,
		"snowBlue": 1.0,
		"desertRed": 0.8999999761581421,
		"desertGreen": 0.800000011920929,
		"desertBlue": 0.6000000238418579,
		"mesaRed": 0.800000011920929,
		"mesaGreen": 0.4000000059604645,
		"mesaBlue": 0.0
	}
}